name1 
surname
1
10
address
2020 10 11
2019 11 2
2
2017 2 10
2016 6 6
name2 
surname
1
10
address
2005 10 11
2005 11 2
2
2017 2 10
2004 6 6
name3
surname
1
10
address
2007 10 11
2011 2 10
2
2017 2 10
2010 6 6
name4
surname
1
10
address
2008 10 11
2008 11 2
2
2017 2 10
2013 6 6
name5
surname
1
10
address
2017 10 11
2017 11 2
2
2017 2 10
2015 6 6
name6 
surname
1
10
address
1980 10 11
1980 11 2
2
2017 2 10
2016 6 6
name7 
surname
1
10
address
2019 10 11
2019 11 2
2
2017 2 10
2016 6 6
name8 
surname
1
10
address
1978 10 11
1978 11 2
2
2017 2 10
2016 6 6
name9 
surname
1
10
address
1977 10 11
1977 11 2
2
2017 2 10
2016 6 6
name10 
surname
1
10
address
1977 10 11
1977 11 2
2
2017 2 10
2016 6 6
